
0.01	600	2.4955	3.6057	0.001666667
0.018	600	2.5089	4.898	0.003
0.01	800	2.1863	2.7688	0.00125
0.018	800	2.8211	4.6922	0.00225
0.01	700	2.3699	3.4275	0.001428571
0.018	700	2.694	5.0354	0.002571429
0.014	600	2.6525	4.5296	0.002333333
0.014	800	2.654	4.0083	0.00175
0.014	700	2.6823	4.5092	0.002
0.014	700	2.6823	4.5092	0.002
0.014	700	2.6823	4.5092	0.002
0.01	600	2.4955	3.6057	0.001666667
0.018	600	2.5089	4.898	0.003
0.01	800	2.1863	2.7688	0.00125
0.018	800	2.8211	4.6922	0.00225
0.01	700	2.3699	3.4275	0.001428571
0.018	700	2.694	5.0354	0.002571429
0.014	600	2.6525	4.5296	0.002333333
0.014	800	2.654	4.0083	0.00175
0.014	700	2.6823	4.5092	0.002
0.014	700	2.6823	4.5092	0.002
0.014	700	2.6823	4.5092	0.002
0.01	600	2.4955	3.6057	0.001666667
0.018	600	2.5089	4.898	0.003
0.01	800	2.1863	2.7688	0.00125
0.018	800	2.8211	4.6922	0.00225
0.01	700	2.3699	3.4275	0.001428571
0.018	700	2.694	5.0354	0.002571429
0.014	600	2.6525	4.5296	0.002333333
0.014	800	2.654	4.0083	0.00175
0.014	700	2.6823	4.5092	0.002
0.014	700	2.6823	4.5092	0.002
0.014	700	2.6823	4.5092	0.002
0.0113	656.58	2.5428	3.9493	0.001721039
0.0148	792.37	2.714	4.2448	0.001867814
0.0167	714.55	2.7381	4.8924	0.002337135
0.012	777.02	2.4918	3.6467	0.001544362
0.0159	721.45	2.74	4.7781	0.002203895
0.0156	767.55	2.7537	4.5503	0.002032441
0.0149	755.57	2.7214	4.4741	0.001972021
0.0143	682.41	2.6902	4.6022	0.002095514
0.0129	699.79	2.6272	4.2709	0.00184341
0.0171	701.06	2.7182	4.9673	0.002439164
0.0141	651.3	2.6775	4.6005	0.002164901
0.0171	649.76	2.6498	4.9735	0.002631741
0.0107	786.88	2.3194	3.1508	0.001359801
0.0124	753.25	2.5499	3.8948	0.0016462
0.0162	790.49	2.7787	4.5065	0.002049362
0.0159	755.62	2.7581	4.6525	0.002104232
0.0179	724.4	2.7338	4.9851	0.00247101
0.0107	799.32	2.2957	3.0434	0.001338638
0.0168	700.88	2.723	4.9342	0.002396987
0.0148	787.55	2.7117	4.2653	0.001879246
0.017	685.83	2.7018	4.9723	0.002478748
0.0115	649.57	2.5625	4.0144	0.001770402
0.0116	714.85	2.5121	3.8549	0.001622718
0.0127	645.52	2.6332	4.3222	0.001967406
0.0142	644.43	2.6755	4.6065	0.002203498
0.0159	640.78	2.6714	4.8516	0.002481351
0.0112	643.96	2.5439	3.9326	0.001739238
0.0173	671.81	2.6763	4.9982	0.002575133
0.0162	603.64	2.6163	4.8112	0.002683719
0.0172	746.91	2.7679	4.8611	0.002302821
0.016	690.84	2.7183	4.8523	0.002316021
0.0114	779.22	2.4116	3.4195	0.001463001
0.0109	717.41	2.4445	3.645	0.001519354
0.0156	663.14	2.6958	4.8294	0.002352444
0.0174	690.01	2.6973	5.0036	0.002521703
0.0161	678.71	2.7071	4.8813	0.002372147
0.0137	627.14	2.6621	4.5213	0.00218452
0.0176	634.49	2.6005	4.9837	0.002773881
0.0178	757.75	2.7767	4.8755	0.00234906
0.0107	683.91	2.4673	3.7176	0.001564533
0.0123	680.65	2.599	4.1767	0.001807096
0.0154	662.02	2.6955	4.7983	0.002326214
0.0137	650.7	2.6663	4.5144	0.002105425
0.0135	630.53	2.658	4.4778	0.002141056
0.011	676.25	2.5053	3.8374	0.001626617
0.0126	789.53	2.5323	3.7084	0.001595886
0.0128	716.8	2.6142	4.1939	0.001785714
0.0118	669.2	2.5689	4.0594	0.001763299
0.0116	652.01	2.571	4.0514	0.001779114
0.0173	779.25	2.7974	4.727	0.002220083
0.0164	734.06	2.7536	4.8018	0.00223415
0.0127	716.36	2.6077	4.1716	0.001772852
0.0127	621.73	2.6359	4.3216	0.002042687
0.0124	734.95	2.5715	4.0109	0.00168719
0.0104	714.68	2.3898	3.4854	0.001455197
0.0134	634.07	2.6561	4.4595	0.002113331
0.0157	753.05	2.7503	4.6251	0.002084855
0.0153	640.35	2.6781	4.7822	0.002389318
0.0115	694.7	2.529	3.9226	0.001655391
0.015	613.43	2.6572	4.706	0.002445267
0.0115	714.89	2.5064	3.8367	0.001608639
0.0149	758.51	2.7232	4.4669	0.001964378
0.0141	749.33	2.6806	4.3411	0.001881681
0.0178	779.02	2.7996	4.7835	0.002284922
0.0143	612.17	2.6603	4.5937	0.002335952
0.0113	718.5	2.4804	3.7525	0.001572721
0.0119	668.19	2.5766	4.0882	0.001780931
0.0117	728.02	2.5123	3.838	0.001607099
0.0153	703.46	2.7213	4.7387	0.002174964
0.0146	634.74	2.6753	4.6822	0.002300154
0.0129	615.33	2.6413	4.3535	0.002096436
0.0169	746.08	2.7667	4.8241	0.002265173
0.0108	764.75	2.3626	3.3326	0.001412226
0.0132	707.75	2.6436	4.3222	0.001865065
0.0134	677.14	2.658	4.434	0.001978911
0.0108	768.52	2.3574	3.3086	0.001405298
0.0102	634.05	2.4783	3.6661	0.001608706
0.0166	602.24	2.5967	4.8398	0.002756376
0.0147	759.69	2.7142	4.4241	0.001935
0.0152	616.64	2.6578	4.7361	0.002464971
0.0164	733.15	2.7531	4.8062	0.002236923
0.0113	796.46	2.3746	3.2562	0.001418778
0.0118	658.25	2.5794	4.092	0.001792632
0.012	602.4	2.6102	4.1348	0.001992032
0.0111	604.53	2.5663	3.9201	0.001836137
0.0106	666.08	2.4771	3.7314	0.0015914
0.0148	670.05	2.6963	4.703	0.00220879
0.0106	684.24	2.4575	3.6865	0.001549164
0.0147	645.77	2.6823	4.6949	0.002276352
0.0139	615.6	2.6599	4.5368	0.00225796
0.0113	606.97	2.5756	3.9709	0.001861707
0.0128	734.3	2.5978	4.0984	0.001743157
0.0139	687.01	2.6763	4.5103	0.00202326
0.0164	657.14	2.6805	4.9154	0.002495663
0.0166	672.71	2.694	4.9407	0.002467631
0.0114	720.6	2.494	3.7919	0.001582015
0.0111	608.15	2.5637	3.9203	0.001825208
0.0179	732.76	2.7451	4.9643	0.002442819
0.0149	603.19	2.6498	4.6647	0.0024702
0.0173	627.1	2.6058	4.9491	0.002758731
0.0135	628.22	2.6579	4.4802	0.002148929
0.0161	622.56	2.6444	4.8498	0.002586096
0.0152	629.98	2.6696	4.7627	0.002412775
0.0112	774.2	2.3941	3.3894	0.001446655
0.017	624.22	2.6158	4.9227	0.002723399
0.0109	662.6	2.5064	3.8267	0.001645035
0.0103	680.5	2.4283	3.5912	0.001513593
0.0158	636.21	2.6676	4.8401	0.002483457
0.0161	724.77	2.7442	4.7921	0.002221394
0.0169	775.39	2.7892	4.6954	0.002179548
0.0164	763.57	2.7738	4.6924	0.002147806
0.0112	748.79	2.435	3.5704	0.001495746
0.0175	775.09	2.795	4.7678	0.002257802
0.0153	626.57	2.6662	4.7618	0.002441866
0.0137	745.08	2.656	4.267	0.001838729
0.0138	664.77	2.674	4.5415	0.002075906
0.0173	687.05	2.6959	4.9981	0.002518012
0.0158	632.07	2.6643	4.8276	0.002499723
0.0122	661.34	2.5983	4.1711	0.001844739
0.0147	742.64	2.7137	4.5029	0.001979425
0.0125	772.56	2.5415	3.8048	0.001617997
0.0179	772.97	2.7929	4.8236	0.002315743
0.0115	625.01	2.5788	4.0352	0.001839971
0.0166	627.14	2.6355	4.9	0.002646937
0.0139	614.12	2.6594	4.5379	0.002263401
0.0144	773.85	2.6943	4.2789	0.001860826
0.0149	751.77	2.7223	4.4971	0.001981989
0.0114	619.58	2.5745	4.0024	0.001839956
0.016	700.91	2.7264	4.8413	0.002282747
0.0127	692.81	2.6197	4.2499	0.001833114
0.0156	694.54	2.7196	4.7973	0.002246091
0.0175	716.17	2.7294	4.9779	0.002443554
0.0129	667.81	2.6349	4.3314	0.001931687
0.0137	622.04	2.6602	4.5138	0.002202431
0.0123	785.55	2.512	3.6692	0.001565782
0.0177	649.15	2.6211	5.013	0.002726643
0.0179	607.3	2.5304	4.922	0.002947472
0.0145	739.37	2.7052	4.4802	0.001961129
0.0155	763.97	2.7463	4.5375	0.002028875
0.0106	700.7	2.4307	3.6093	0.001512773
0.0156	687.52	2.7146	4.8041	0.002269025
0.0172	674.19	2.6804	4.9963	0.00255121
0.012	607.47	2.6084	4.1372	0.001975406
0.0116	664.15	2.562	4.0295	0.001746593
0.0175	692.74	2.6978	5.0105	0.0025262
0.0164	719.04	2.7421	4.8454	0.002280819
0.0136	700.18	2.6655	4.43	0.001942358
0.0179	666.16	2.644	5.036	0.002687042
0.0175	687.47	2.6901	5.0146	0.002545566
0.0143	756.91	2.6926	4.3536	0.00188926
0.0113	630.25	2.5652	3.989	0.001792939
0.0144	712.65	2.6975	4.5466	0.002020627
0.0168	609.96	2.6004	4.8757	0.002754279
0.0166	751.49	2.7683	4.7647	0.002208945
0.0144	653.35	2.6824	4.6416	0.002204025
0.012	687.65	2.5757	4.0871	0.001745074
0.0152	674.57	2.7036	4.7672	0.002253287
0.0136	674.77	2.6682	4.4898	0.002015502
0.0146	623.05	2.6675	4.6573	0.002343311
0.0168	701.28	2.7232	4.9361	0.002395619
0.0112	716.91	2.4727	3.7305	0.00156226
0.0102	752.8	2.3089	3.216	0.001354942
0.016	740.81	2.7519	4.7203	0.002159798
0.0176	714.49	2.7254	4.9881	0.002463295
0.0114	661.83	2.5452	3.9646	0.001722497
0.0135	611.35	2.654	4.4703	0.002208228
0.0116	762.96	2.4558	3.5926	0.001520394
0.0106	693.15	2.4435	3.6471	0.001529251
0.01	635.51	2.4581	3.5993	0.001573539
0.0146	795.36	2.6997	4.1789	0.001835647
0.011	720.76	2.4556	3.6751	0.001526167
0.0113	667.46	2.5389	3.9473	0.001692985
0.0172	716.23	2.7356	4.9435	0.002401463
0.0126	705.09	2.6045	4.1776	0.001787006
0.0134	787.13	2.617	3.9645	0.001702387
0.0119	766.74	2.4886	3.6735	0.001552025
0.0124	710.26	2.5899	4.1184	0.00174584
0.0166	693.57	2.7171	4.927	0.002393414
0.0156	740.52	2.7426	4.6602	0.002106628
0.0163	738.53	2.7564	4.7811	0.002207087
0.0138	654.01	2.6707	4.54	0.002110059
0.0174	779.87	2.7988	4.736	0.002231141
0.0151	763.56	2.7332	4.4821	0.001977579
0.0156	653.06	2.6871	4.8264	0.002388754
0.0162	682.73	2.7105	4.885	0.002372827
0.016	642.72	2.6714	4.8666	0.00248942
0.0117	771.17	2.4641	3.5901	0.001517175
0.0118	723.58	2.5247	3.8834	0.00163078
0.0147	782.37	2.7069	4.2779	0.001878906
0.0129	644.31	2.6409	4.3631	0.002002142
0.0134	698.46	2.6525	4.3765	0.001918506
0.0109	692	2.4737	3.7417	0.001575145
0.0118	774.24	2.4652	3.5828	0.001524075
0.0136	636.91	2.6618	4.5005	0.00213531
0.0129	795.66	2.5631	3.7663	0.001621296
0.0162	662.26	2.6891	4.8998	0.002446169
0.0106	654.32	2.4858	3.7414	0.001620002
0.0165	759.86	2.7729	4.7194	0.002171453
0.017	710.17	2.7305	4.9419	0.002393793
0.0104	689.29	2.4309	3.6063	0.001508799
0.0105	789.56	2.285	3.0534	0.001329855
0.0154	714.61	2.7281	4.7222	0.002155022
0.0177	725.61	2.7377	4.9741	0.002439327
0.0135	730.95	2.6536	4.3039	0.001846912
0.0151	614.95	2.6574	4.722	0.002455484
0.0111	629.78	2.549	3.9209	0.00176252
0.011	751.19	2.4067	3.4858	0.001464343
0.0176	765.87	2.7863	4.8256	0.00229804
0.0113	611.42	2.5713	3.9649	0.001848157
0.0125	649.94	2.6237	4.2773	0.001923254
0.0175	710.99	2.7231	4.9858	0.002461357
0.017	642.9	2.6443	4.956	0.002644268
0.0152	714.58	2.7241	4.6925	0.002127124
0.0126	684.46	2.6161	4.2424	0.001840867
0.0179	775.49	2.7958	4.8079	0.002308218
0.0173	717.46	2.7357	4.9506	0.002411284
0.0178	657.44	2.6315	5.0266	0.002707471
0.0126	761.09	2.5592	3.8982	0.00165552
0.0166	776.57	2.784	4.646	0.002137605
0.0116	794.23	2.412	3.3628	0.001460534
0.0138	677.78	2.6741	4.5173	0.002036059
0.0125	691.09	2.6061	4.1987	0.001808737
0.0143	651.86	2.6809	4.6327	0.002193723
0.0178	604.48	2.5312	4.9095	0.00294468
0.0167	770.25	2.7831	4.6992	0.002168127
0.0115	614.77	2.5817	4.0222	0.001870618
0.011	647.34	2.5282	3.8795	0.001699262
0.0167	608.76	2.6049	4.8624	0.002743281
0.0156	610.85	2.6444	4.7694	0.002553818
0.0176	686.27	2.6859	5.0209	0.002564588
0.0145	690.94	2.6978	4.6235	0.00209859
0.017	667.5	2.6793	4.9732	0.002546816
0.0136	627.51	2.6598	4.4977	0.002167296
0.0126	651.68	2.6259	4.2886	0.001933464
0.0136	779.58	2.6368	4.0613	0.001744529
0.0142	625.06	2.6669	4.595	0.002271782
0.016	735	2.75	4.7525	0.002176871
0.0149	693.67	2.7092	4.6928	0.002147995
0.0142	710.97	2.6907	4.5189	0.001997271
0.013	650.85	2.6454	4.3875	0.001997388
0.018	688.84	2.6775	5.042	0.002613089
0.0142	724.33	2.6899	4.4713	0.001960432
0.0168	705.14	2.7273	4.9302	0.002382506
0.0173	626.76	2.6034	4.9505	0.002760227
0.014	724.96	2.6796	4.4249	0.001931141
0.0166	637.89	2.651	4.9165	0.00260233
0.0149	747.08	2.7213	4.5162	0.001994432
0.0145	633.45	2.674	4.6631	0.002289052
0.0159	703.23	2.7278	4.8245	0.002260996
0.0105	722.67	2.3909	3.4838	0.001452945
0.0128	646.42	2.6345	4.3292	0.001980137
0.012	724.69	2.5391	3.9271	0.00165588
0.0114	608.73	2.5811	4.0025	0.001872751
0.0172	679.27	2.6873	4.9958	0.00253213
0.0138	606.71	2.6547	4.5016	0.002274563
0.0133	783.75	2.6042	3.9424	0.00169697
0.0154	647.21	2.6831	4.8042	0.002379444
0.0137	600.96	2.6517	4.4817	0.002279686
0.0106	603.7	2.5355	3.7826	0.001755839
0.0143	711	2.6961	4.5454	0.002011252
0.011	657.71	2.5207	3.8701	0.00167247
0.0112	673.06	2.5197	3.8842	0.001664042
0.0144	609.01	2.658	4.6182	0.002364493
0.0125	661.94	2.6188	4.2591	0.001888389
0.0141	721.3	2.6872	4.4693	0.001954804
0.0163	730.78	2.7507	4.8041	0.002230493
0.0101	685.16	2.3978	3.5015	0.001474108
0.012	634.31	2.6035	4.1656	0.001891819
0.016	790.21	2.7718	4.4777	0.002024778
0.0162	612.18	2.6277	4.8353	0.002646281
0.0128	785.57	2.5635	3.8147	0.00162939
0.0131	622.37	2.648	4.4046	0.002104857
0.015	673.1	2.701	4.7394	0.002228495
0.0113	734.87	2.4606	3.6711	0.001537687
0.016	764.83	2.7633	4.6172	0.002091968
0.0179	726.5	2.7348	4.9867	0.002463868
0.0113	743.94	2.455	3.638	0.00151894
0.0107	795.71	2.2975	3.0621	0.001344711
0.0134	776.6	2.6191	4.0201	0.00172547
0.0169	780.52	2.7935	4.6749	0.002165223
0.0155	656.57	2.6908	4.8135	0.002360754
0.0175	601.09	2.543	4.8877	0.002911378
0.016	746.79	2.7569	4.7105	0.002142503
0.0125	702.52	2.5973	4.1548	0.001779309
0.0103	750.74	2.3281	3.2714	0.00137198
0.0132	659.27	2.6497	4.4076	0.002002215
0.0168	732.98	2.755	4.8608	0.002292013
0.0115	600.42	2.5896	4.0184	0.001915326
0.012	650.81	2.5928	4.1397	0.001843856
0.012	758	2.5076	3.7552	0.001583113
0.0149	616.94	2.6615	4.6962	0.002415146
0.0132	655.75	2.65	4.411	0.002012962
0.0137	716.23	2.6649	4.3893	0.001912793
0.0107	771.19	2.3344	3.2399	0.001387466
0.0178	644.86	2.6099	5.0104	0.002760289
0.0156	795.55	2.7562	4.3766	0.001960908
0.0132	753.98	2.6199	4.1124	0.00175071
0.0119	781.16	2.4724	3.5774	0.001523375
0.0111	701.03	2.4893	3.7915	0.001583384
0.0144	706.87	2.6975	4.5664	0.00203715
0.013	651.15	2.6434	4.3764	0.001996468
0.0144	637.87	2.6761	4.6537	0.002257513
0.0136	623.25	2.6591	4.4992	0.00218211
0.0127	628.07	2.6351	4.3223	0.002022068
0.0176	646.4	2.6229	5.0021	0.002722772
0.0123	684.28	2.5925	4.1504	0.00179751
0.0146	763.68	2.7079	4.3798	0.001911796
0.0118	604.43	2.6035	4.1028	0.001952253
0.0178	699.59	2.7	5.0225	0.002544347
0.0156	702.55	2.7244	4.7788	0.002220483
0.0179	786.16	2.807	4.7608	0.00227689
0.014	741.74	2.6785	4.3624	0.001887454
0.0104	612.49	2.5162	3.7372	0.001697987
0.0113	636.05	2.5582	3.9729	0.00177659
0.0166	601.79	2.5979	4.8354	0.002758437
0.0116	750.76	2.4794	3.693	0.001545101
0.0142	606.41	2.6566	4.5733	0.00234165
0.0164	600.96	2.6059	4.8166	0.002728967
0.0164	705.78	2.7308	4.8765	0.00232367
0.0164	748.82	2.7637	4.7476	0.002190112
0.0126	665.73	2.6236	4.2805	0.001892659
0.016	627.68	2.6546	4.8446	0.00254907
0.0127	783.75	2.5501	3.7843	0.001620415
0.0166	667.79	2.688	4.9418	0.002485811
0.0169	719.91	2.742	4.9105	0.002347516
0.0127	708.02	2.6077	4.1855	0.001793735
0.012	612.29	2.6089	4.1511	0.001959856
0.0155	737.64	2.7401	4.6628	0.002101296
0.0154	670.53	2.7017	4.7911	0.002296691
0.011	778.74	2.3631	3.2923	0.001412538
0.0129	761.85	2.5935	4.0002	0.001693247
0.0114	659.79	2.5479	3.9724	0.001727822
0.0104	782.63	2.2768	3.0558	0.001328853
0.0117	661.14	2.5661	4.0424	0.001769671
0.0124	691.86	2.5949	4.1557	0.00179227
0.0108	736.51	2.4019	3.4993	0.001466375
0.0118	712.65	2.5327	3.923	0.001655792
0.0127	782.7	2.5574	3.8097	0.001622588
0.0116	738.91	2.4891	3.748	0.00156988
0.0153	666.13	2.6985	4.7916	0.002296849
0.0122	765.13	2.5264	3.7875	0.0015945
0.0167	759.69	2.7757	4.7464	0.002198265
0.0135	771.58	2.6346	4.0907	0.001749657
0.0152	680.04	2.7067	4.7574	0.002235163
0.0107	724.77	2.4142	3.5491	0.00147633
0.0162	694.25	2.7209	4.8743	0.002333453
0.0132	657.11	2.6515	4.4183	0.002008796
0.0168	620.73	2.6165	4.905	0.002706491
0.0144	736.02	2.6992	4.468	0.001956469
0.014	677.22	2.6816	4.5622	0.002067275
0.012	624.85	2.6031	4.1476	0.001920461
0.0168	658.39	2.6727	4.9528	0.002551679
0.0158	625.1	2.6551	4.8242	0.002527596
0.0154	686.17	2.7125	4.7827	0.002244342
0.0178	677.49	2.6643	5.0371	0.002627345
0.0109	695.56	2.4712	3.7346	0.001567083
0.0136	625.62	2.6598	4.501	0.002173844
0.0158	603.79	2.6294	4.7768	0.002616804
0.0159	651.61	2.6825	4.8616	0.00244011
0.0145	744.35	2.7021	4.446	0.001948008
0.0174	698.84	2.7092	4.9956	0.00248984
0.0134	657.02	2.6591	4.4611	0.002039512
0.0175	684	2.6873	5.0112	0.00255848
0.0109	685.94	2.4819	3.7659	0.00158906
0.0169	697.15	2.7174	4.9509	0.002424155
0.0143	702.32	2.6922	4.5535	0.002036109
0.0102	703.85	2.385	3.473	0.001449172
0.0144	615.1	2.6622	4.6267	0.002341083
0.0174	611.35	2.5697	4.9163	0.00284616
0.0175	606.96	2.5543	4.9078	0.002883221
0.0121	656.01	2.6001	4.1751	0.001844484
0.015	663.29	2.695	4.7436	0.002261454
0.0151	621.75	2.6635	4.7344	0.002428629
0.0108	752.73	2.3843	3.4205	0.001434777
0.011	789.07	2.3545	3.2333	0.001394046
0.0102	790.85	2.2376	2.9294	0.001289752
0.0124	756.08	2.5478	3.8799	0.001640038
0.0104	649.44	2.478	3.7044	0.00160138
0.0153	734.44	2.7323	4.635	0.00208322
0.0163	731.89	2.7514	4.7994	0.002227111
0.0135	730.84	2.6522	4.2991	0.00184719
0.0143	754.1	2.6905	4.3583	0.0018963
0.0126	790.79	2.5383	3.7197	0.001593343
0.0158	669.11	2.7	4.854	0.002361346
0.0101	615.45	2.486	3.6322	0.001641076
0.0123	779.47	2.5204	3.7175	0.001577995
0.016	735.42	2.7493	4.7426	0.002175628
0.0138	633.53	2.6663	4.5473	0.002178271
0.0154	631.89	2.6698	4.7827	0.002437133
0.0162	684.92	2.712	4.8923	0.00236524
0.0155	678.38	2.7079	4.8065	0.002284855
0.0134	781.85	2.6183	3.9937	0.001713884
0.0113	647.62	2.5501	3.9629	0.00174485
0.0132	753.41	2.6208	4.1175	0.001752034
0.0123	769.98	2.5286	3.777	0.001597444
0.0168	619.16	2.6154	4.899	0.002713354
0.0154	631.13	2.6688	4.7844	0.002440068
0.0175	775.86	2.7959	4.7674	0.002255562
0.0123	767.97	2.5326	3.7956	0.001601625
0.0131	678.18	2.645	4.3706	0.001931641
0.0143	641.08	2.6762	4.6316	0.002230611
0.0105	695.13	2.4315	3.6107	0.001510509
0.0162	710.21	2.7343	4.8422	0.002281015
0.0141	638.14	2.6729	4.6042	0.002209546
0.0161	697.63	2.7239	4.8545	0.002307814
0.0115	701.51	2.5232	3.9008	0.001639321
0.0117	651.55	2.5755	4.069	0.001795718
0.0153	693.09	2.7148	4.7479	0.002207506
0.0135	704.62	2.6574	4.3851	0.001915926
0.0145	613.64	2.661	4.6403	0.002362949
0.0111	687.26	2.4959	3.8122	0.001615109
0.0154	727.43	2.7333	4.6807	0.002117042
0.0128	600.61	2.6374	4.3144	0.002131167
0.0114	608.97	2.5783	3.9898	0.001872013
0.016	649.16	2.678	4.8747	0.002464724
0.0131	626.89	2.6467	4.3953	0.002089681
0.0161	762.95	2.7656	4.6438	0.00211023
0.0164	685.54	2.7112	4.9106	0.002392275
0.0151	702.26	2.7163	4.7036	0.002150201
0.0107	789.83	2.3028	3.0977	0.001354722
0.0151	710.33	2.7194	4.6825	0.002125773
0.017	679.95	2.6937	4.978	0.002500184
0.0133	650.54	2.6565	4.4512	0.002044455
0.01	657.36	2.4322	3.5677	0.001521236
0.0109	608.03	2.5518	3.8678	0.001792675
0.0148	775.84	2.7148	4.3423	0.00190761
0.0142	667.08	2.6841	4.606	0.00212868
0.0173	766.63	2.7867	4.7919	0.00225663
0.0156	704.5	2.7258	4.7765	0.002214336
0.0106	776.25	2.3237	3.197	0.001365539
0.0179	710.02	2.7117	5.0173	0.002521056
0.0159	764.96	2.7612	4.6049	0.00207854
0.016	784.7	2.7719	4.5181	0.002038996
0.0118	605.62	2.6039	4.1085	0.001948416
0.0163	751.38	2.7635	4.7222	0.002169342
0.0151	776.14	2.7318	4.4051	0.001945525
0.0139	609.22	2.657	4.5297	0.002281606
0.0157	722.82	2.7371	4.7387	0.002172048
0.0145	702.15	2.6995	4.5939	0.002065086
0.0142	668.61	2.6844	4.6037	0.002123809
0.0173	612.78	2.5784	4.9152	0.002823199
0.0153	756.72	2.737	4.5367	0.002021884
0.0134	673.19	2.6597	4.4475	0.001990523
0.0156	736.44	2.7426	4.6861	0.002118299
0.0148	688.58	2.7046	4.6815	0.002149351
0.0128	798.47	2.5458	3.7039	0.001603066
0.0155	669.51	2.7012	4.8065	0.002315126
0.0134	615.4	2.6537	4.4592	0.002177446
0.0147	708.26	2.7092	4.6272	0.002075509
0.0179	767.49	2.7867	4.849	0.002332278
0.0165	644.85	2.6623	4.9187	0.002558735
0.0145	791.24	2.6926	4.1795	0.001832567
0.0131	639.58	2.6471	4.3982	0.002048219
0.0176	615.84	2.5666	4.9382	0.002857885
0.0137	790.59	2.639	4.0136	0.001732883
0.0162	612.97	2.6286	4.8378	0.00264287
0.0121	737.43	2.5421	3.9122	0.001640834
0.0137	765.51	2.6462	4.1542	0.001789657
0.0124	766.9	2.5402	3.8216	0.001616899
0.0179	764.26	2.7832	4.8602	0.002342135
0.0118	786.41	2.456	3.5121	0.00150049
0.0166	635.22	2.6448	4.9191	0.002613268
0.0123	644.03	2.6145	4.2293	0.001909849
0.016	694.33	2.7212	4.857	0.00230438
0.0106	741.91	2.3742	3.4132	0.001428745
0.0119	732.65	2.525	3.8689	0.001624241
0.0132	658.52	2.6528	4.4249	0.002004495
0.0176	701.49	2.7082	5.0066	0.002508945
0.0157	693.13	2.719	4.8067	0.002265087
0.0164	693.98	2.7196	4.9014	0.00236318
0.0156	799.68	2.7566	4.3497	0.00195078
0.0121	646.11	2.6002	4.1664	0.001872746
0.017	614.65	2.5998	4.9002	0.002765802
0.0148	635.95	2.6764	4.706	0.002327227
0.0175	658.16	2.6464	5.0097	0.002658928
0.0116	723.86	2.5079	3.8307	0.00160252
0.0131	760.68	2.6043	4.0383	0.001722143
0.0105	636.34	2.4981	3.7438	0.001650061
0.0106	759.63	2.351	3.3143	0.001395416
0.0106	708.72	2.4198	3.5756	0.001495654
0.0174	671.91	2.6721	5.0079	0.002589633
0.0111	699.96	2.4845	3.7765	0.001585805
0.0123	689.86	2.5912	4.1432	0.00178297
0.0138	662.01	2.6723	4.536	0.002084561
0.0159	611.55	2.6378	4.801	0.002599951
0.0164	663.95	2.687	4.9242	0.002470066
0.016	773.56	2.7683	4.5811	0.002068359
0.0122	695.8	2.5796	4.0972	0.001753377
0.0164	752.44	2.7661	4.7333	0.002179576
0.011	742.4	2.4253	3.556	0.001481681
0.014	687.98	2.6829	4.5432	0.002034943
0.0118	726.43	2.5208	3.8667	0.001624382
0.0139	705.77	2.6759	4.464	0.00196948
0.0152	623.35	2.6643	4.7448	0.002438437
0.0174	690.8	2.6991	5.0009	0.002518819
0.0102	752.05	2.3143	3.2318	0.001356293
0.0121	744.17	2.5322	3.8658	0.001625973
0.012	729.19	2.5366	3.9116	0.001645662
0.0169	665.53	2.6777	4.9696	0.00253933
0.0174	647.59	2.6317	4.9952	0.002686885
0.01	628.97	2.4668	3.6095	0.001589901
0.0106	779.11	2.3072	3.1453	0.001360527
0.0176	650	2.6273	5.0089	0.002707692
0.0168	605.58	2.5928	4.8636	0.0027742
0.0177	638.02	2.6008	4.9959	0.002774208
0.0121	621.13	2.6107	4.1785	0.001948062
0.0151	791.19	2.729	4.3043	0.001908518
0.0162	708.34	2.7329	4.8539	0.002287037
0.013	627.81	2.6438	4.3758	0.00207069
0.0143	745.79	2.6928	4.4021	0.00191743
0.0138	729.15	2.6709	4.3761	0.001892615
0.0155	725.93	2.735	4.7016	0.002135192
0.0127	759.81	2.576	3.9536	0.00167147
0.0116	673.49	2.5556	4.0123	0.001722372
0.0126	633.59	2.6302	4.299	0.001988668
0.0164	665.57	2.6892	4.9227	0.002464053
0.0165	715.72	2.7395	4.8676	0.002305371
0.0168	716.22	2.7391	4.9038	0.002345648
0.0119	748.64	2.5068	3.7785	0.001589549
0.0175	600.48	2.5415	4.8858	0.002914335
0.0125	636.49	2.6239	4.268	0.001963896
0.017	732.43	2.7541	4.8888	0.002321041
0.0117	721.15	2.5203	3.8732	0.001622409
0.0118	779.98	2.4595	3.5463	0.001512859
0.0105	711.84	2.4045	3.5296	0.001475051
0.0115	793.43	2.4016	3.3389	0.001449403
0.0106	710.76	2.4216	3.5805	0.001491361
0.0158	642.11	2.6743	4.843	0.002460638
0.0172	781.92	2.798	4.6972	0.002199714
0.0113	654.69	2.542	3.9436	0.001726008
0.0158	720.02	2.7374	4.7644	0.002194383
0.0142	659.96	2.6827	4.6177	0.002151646
0.0106	646.81	2.4985	3.7704	0.001638812
0.0153	611.36	2.6507	4.739	0.002502617
0.0179	748.47	2.7639	4.9234	0.002391545
0.0123	613.6	2.6192	4.2106	0.002004563
0.01	635.23	2.4586	3.6004	0.001574233
0.0172	799.6	2.8109	4.5986	0.002151076
0.0135	604.89	2.651	4.4505	0.002231811
0.0125	692	2.6024	4.1838	0.001806358
0.0109	627.21	2.538	3.8702	0.001737855
0.018	755.9	2.7724	4.901	0.002381267
0.0143	651.14	2.6801	4.6265	0.002196148
0.0152	648.46	2.6853	4.7658	0.002344015
0.0103	620.27	2.4967	3.6898	0.001660567
0.0133	710.21	2.6471	4.3313	0.001872686
0.0128	777.22	2.5684	3.8648	0.001646895
0.0163	610.17	2.6222	4.8367	0.002671387
0.0149	626.88	2.6695	4.7139	0.00237685
0.016	654.8	2.6838	4.8788	0.002443494
0.0139	744.26	2.6724	4.3298	0.001867627
0.0115	784.85	2.4203	3.4224	0.001465248
0.0126	688.9	2.6118	4.2221	0.001829003
0.016	691.64	2.719	4.8552	0.002313342
0.015	685.67	2.707	4.7186	0.002187641
0.0124	627.47	2.6231	4.2537	0.00197619
0.0158	626.71	2.6574	4.8247	0.002521102
0.0177	649.12	2.6216	5.0124	0.002726769
0.0112	749.83	2.4331	3.5629	0.001493672
0.0177	634.42	2.5959	4.9875	0.00278995
0.0106	748.41	2.3712	3.3934	0.001416336
0.0107	627.55	2.5221	3.8092	0.001705043
0.0148	691.02	2.7052	4.6749	0.002141761
0.0174	618.93	2.5836	4.9377	0.002811303
0.0133	692.54	2.6501	4.376	0.001920467
0.0142	764.47	2.6853	4.2926	0.001857496
0.0106	682.19	2.4559	3.6798	0.001553819
0.0176	761.25	2.7816	4.8429	0.002311987
0.0109	775.72	2.365	3.3071	0.001405146
0.0132	629.03	2.6493	4.4137	0.002098469
0.0143	621.28	2.6658	4.6134	0.0023017
0.0113	688.43	2.5181	3.8861	0.001641416
0.0109	729.96	2.4238	3.5711	0.001493233
0.0108	798.83	2.305	3.0688	0.001351977
0.0123	770.65	2.5255	3.7656	0.001596055
0.0117	661.56	2.5704	4.0595	0.001768547
0.0131	698.45	2.6403	4.3255	0.001875582
0.0173	648.2	2.6396	4.9859	0.002668929
0.0174	687.21	2.6947	5.0019	0.002531977
0.0168	689.9	2.7113	4.9447	0.002435136
0.0155	686.15	2.713	4.7909	0.002258981
0.0152	755.66	2.7353	4.5349	0.002011487
0.0171	766.6	2.7853	4.7656	0.002230629
0.0143	605.02	2.6557	4.5861	0.002363558
0.0123	609.21	2.6211	4.2137	0.002019008
0.0162	692.06	2.7189	4.8798	0.002340837
0.0131	656.96	2.6484	4.4019	0.001994033
0.0163	755.31	2.7669	4.714	0.002158054
0.0139	608.81	2.657	4.5341	0.002283143
0.0179	600.05	2.5141	4.8966	0.002983085
0.0116	694.09	2.5352	3.9436	0.001671253
0.0114	791.42	2.3926	3.3234	0.001440449
0.0144	622.61	2.6671	4.635	0.002312844
0.0113	721.07	2.4779	3.7421	0.001567116
0.0156	761.43	2.7518	4.5797	0.002048777
0.0126	782.7	2.5442	3.7719	0.001609812
0.0109	680.63	2.4867	3.7788	0.001601457
0.0123	699.39	2.5856	4.1158	0.001758675
0.0164	609.87	2.6169	4.8466	0.002689098
0.0167	765.9	2.7796	4.715	0.002180441
0.0154	729.63	2.7347	4.6769	0.002110659
0.0134	706.59	2.6548	4.3701	0.001896432
0.0133	696.58	2.6498	4.3681	0.001909328
0.0101	612.23	2.4901	3.6355	0.001649707
0.0159	669.82	2.7005	4.8569	0.002373772
0.0147	635.77	2.6762	4.6977	0.002312157
0.0129	685.93	2.6312	4.3032	0.001880658
0.0138	636.86	2.6664	4.5397	0.002166881
0.0151	754.88	2.7285	4.5086	0.002000318
0.0113	734.69	2.4612	3.6731	0.001538064
0.0149	673.03	2.6991	4.7164	0.002213869
0.0172	708.31	2.7266	4.9576	0.002428315
0.0153	622.25	2.6617	4.7588	0.002458819
0.0131	699.83	2.6381	4.3142	0.001871883
0.0108	737.6	2.401	3.4951	0.001464208
0.0139	619.73	2.6615	4.54	0.002242912
0.0147	711.08	2.709	4.6144	0.002067278
0.014	626.6	2.6665	4.5762	0.00223428
0.0143	685.6	2.6916	4.6017	0.002085764
0.0101	623.81	2.4797	3.639	0.001619083
0.0122	622.82	2.6154	4.2061	0.001958832
0.0141	720.64	2.6845	4.4596	0.001956594
0.0114	772.09	2.4268	3.4846	0.001476512
0.0122	704.39	2.5754	4.0749	0.001731995
0.0104	630.18	2.4972	3.7233	0.001650322
0.0129	671.1	2.6353	4.3315	0.001922217
0.0141	699.61	2.6845	4.5217	0.002015409
0.0166	771.5	2.7829	4.6852	0.002151653
0.0161	755.62	2.7615	4.6741	0.002130701
0.0126	649.52	2.6254	4.2851	0.001939894
0.0174	750.34	2.7708	4.8685	0.002318949
0.014	662.17	2.6772	4.5691	0.002114261
0.0174	723.87	2.7418	4.9456	0.002403747
0.0114	668.44	2.5394	3.9501	0.001705463
0.014	650.52	2.6756	4.5859	0.002152124
0.0118	674.5	2.5685	4.0602	0.001749444
0.015	690.53	2.71	4.7177	0.002172245
0.0156	659.11	2.6925	4.8257	0.002366828
0.0119	765.87	2.4871	3.672	0.001553789
0.0147	698.37	2.7051	4.6424	0.002104901
0.0152	664.76	2.697	4.7676	0.00228654
0.0131	798.8	2.5803	3.7991	0.00163996
0.0158	705.83	2.7284	4.7967	0.002238499
0.0173	788.18	2.805	4.6843	0.00219493
0.014	681.49	2.6809	4.5482	0.002054322
0.0166	667.99	2.6879	4.9435	0.002485067
0.0145	725.99	2.702	4.5199	0.001997273
0.0136	790.67	2.6256	3.9729	0.00172006
0.0124	711.65	2.5869	4.1058	0.00174243
0.0166	737.54	2.7584	4.8265	0.002250725
0.0169	744.73	2.7657	4.8338	0.002269279
0.0125	647.24	2.6202	4.2591	0.001931277
0.0115	603.02	2.588	4.0186	0.001907068
0.0152	778.22	2.7346	4.4036	0.001953175
0.0137	738.91	2.662	4.3101	0.001854082
0.013	760.76	2.5964	4.0132	0.001708817
0.0124	666.46	2.6098	4.2211	0.001860577
0.0109	711.28	2.4509	3.6681	0.001532449
0.0159	753.46	2.7579	4.6671	0.002110265
0.018	717.73	2.7209	5.0093	0.002507907
0.012	664.01	2.59	4.1388	0.001807202
0.0169	605.49	2.5893	4.8678	0.002791128
0.0131	651.3	2.6473	4.398	0.002011362
0.0131	700.46	2.6386	4.3152	0.0018702
0.0165	622.54	2.6308	4.8865	0.002650432
0.0175	760.23	2.7807	4.8408	0.002301935
0.0165	665.03	2.6871	4.9304	0.002481091
0.0122	621.78	2.6172	4.2139	0.001962109
0.0155	705.42	2.7255	4.7656	0.002197273
0.0148	605.38	2.6528	4.6582	0.002444745
0.0155	646.52	2.6824	4.8061	0.002397451
0.0127	614.87	2.636	4.3166	0.002065477
0.0104	797.5	2.2492	2.934	0.001304075
0.0154	657.1	2.6916	4.7973	0.002343631
0.0172	711.7	2.7297	4.9567	0.002416749
0.0136	791.92	2.6264	3.9688	0.001717345
0.0169	729.1	2.7513	4.8813	0.002317926
0.0171	743.48	2.7648	4.8565	0.002299995
0.0139	636.94	2.6682	4.5563	0.002182309
0.0151	767.74	2.7314	4.4513	0.001966812
0.0159	778.07	2.7668	4.5418	0.002043518
0.0112	624.12	2.5599	3.9515	0.001794527
0.0134	644.83	2.6572	4.4596	0.002078067
0.0126	778.42	2.547	3.7977	0.001618663
0.014	608.87	2.6575	4.547	0.002299341
0.0112	778.85	2.3865	3.3538	0.001438018
0.012	668.2	2.5824	4.1106	0.00179587
0.0117	628.62	2.586	4.0752	0.00186122
0.0141	743.38	2.6851	4.3817	0.001896742
0.0168	737.14	2.7586	4.8431	0.002279079
0.0154	656.88	2.6913	4.8064	0.002344416
0.0157	621.68	2.6548	4.8002	0.002525415
0.011	759.09	2.3945	3.4335	0.001449104
0.0145	683.46	2.6962	4.6397	0.002121558
0.0171	675.99	2.6875	4.9827	0.002529623
0.0152	734.81	2.7317	4.6297	0.002068562
0.0172	706.83	2.7242	4.9637	0.0024334
0.014	721.22	2.6832	4.452	0.001941155
0.0139	783.18	2.6535	4.0965	0.001774815
0.0111	783.5	2.3751	3.3077	0.00141672
0.0169	631.41	2.6279	4.936	0.002676549
0.0109	715.1	2.4427	3.6412	0.001524262
0.0157	719.91	2.7363	4.754	0.002180828
0.0157	670.27	2.7017	4.8311	0.00234234
0.014	767.29	2.6695	4.2246	0.001824603
0.0168	758.33	2.7761	4.7677	0.002215394
0.0154	646.16	2.6823	4.8005	0.002383311
0.0112	718.1	2.4761	3.7397	0.001559671
0.0136	767.38	2.6392	4.1235	0.001772264
0.0175	746.16	2.7659	4.8921	0.002345341
0.0105	761.61	2.334	3.264	0.001378658
0.0107	615.96	2.5325	3.8141	0.001737126
0.0102	772.96	2.2692	3.065	0.001319603
0.011	713.67	2.461	3.6975	0.001541329
0.0149	689.32	2.7061	4.6905	0.002161551
0.0152	690.61	2.7122	4.7383	0.002200953
0.0124	697.39	2.5979	4.1624	0.001778058
0.0149	652.41	2.6876	4.73	0.00228384
0.0176	733.58	2.7507	4.9379	0.002399193
0.0175	761.12	2.7816	4.8356	0.002299243
0.0155	611.89	2.6477	4.7609	0.002533135
0.0155	623.91	2.6596	4.7902	0.002484333
0.0171	658.67	2.6639	4.9785	0.002596141
0.0122	669.75	2.5961	4.1655	0.001821575
0.0131	759.33	2.6063	4.0498	0.001725205
0.0128	694	2.6205	4.2517	0.00184438
0.0158	656.25	2.6878	4.8574	0.002407619
0.0141	606.4	2.6565	4.5595	0.002325198
0.0149	786.61	2.723	4.3108	0.001894204
0.0171	785.03	2.8001	4.6788	0.002178261
0.0152	742.96	2.7325	4.5904	0.002045871
0.0118	683.75	2.5569	4.0197	0.001725777
0.0123	679.08	2.5977	4.1718	0.001811274
0.0102	685.9	2.4161	3.5581	0.001487097
0.0147	758.95	2.7104	4.4126	0.001936886
0.0111	799.17	2.3432	3.1644	0.001388941
0.0157	717.7	2.735	4.7601	0.002187544
0.0169	645.63	2.6514	4.9526	0.002617598
0.0165	670.01	2.6932	4.9281	0.00246265
0.0118	680.46	2.5655	4.0505	0.001734121
0.017	638.64	2.6368	4.9521	0.002661907
0.0148	614.13	2.6603	4.6727	0.002409913
0.018	636.62	2.5857	5.0027	0.002827432
0.0155	640.53	2.6768	4.8033	0.002419871
0.0102	780.07	2.2571	3.0136	0.001307575
0.0172	617.02	2.594	4.9185	0.002787592
0.0179	783.8	2.8045	4.7756	0.002283746
0.011	675.39	2.5038	3.8317	0.001628689
0.0151	752.81	2.7306	4.5287	0.002005818
0.0113	770.11	2.4141	3.4563	0.001467323
0.0139	784.87	2.6526	4.0852	0.001770994
0.012	650.61	2.5966	4.1554	0.001844423
0.0147	602.85	2.6511	4.6463	0.002438418
0.0163	687.18	2.7138	4.8963	0.002372013
0.0141	625.46	2.6667	4.5881	0.002254341
0.0126	669.56	2.6191	4.2605	0.001881833
0.0107	620.45	2.5305	3.8205	0.001724555
0.0172	605.69	2.5733	4.8865	0.002839736
0.0165	627.53	2.64	4.8913	0.002629356
0.017	773.93	2.7906	4.7254	0.002196581
0.0158	681.02	2.7103	4.8465	0.002320049
0.0142	723.7	2.6891	4.4696	0.001962139
0.0173	666.4	2.6662	5.002	0.002596038
0.0174	787.62	2.8058	4.6999	0.002209187
0.0164	799.6	2.7898	4.4864	0.002051026
0.0104	678.48	2.4425	3.6339	0.001532838
0.0167	632.84	2.6404	4.9177	0.002638898
0.0102	647.64	2.4644	3.6537	0.001574949
0.0114	705.46	2.5086	3.8513	0.001615967
0.0123	626.76	2.6194	4.233	0.001962474
0.0152	726.92	2.7293	4.6586	0.002091014
0.0158	796.59	2.7654	4.4055	0.001983454
0.0152	608.44	2.6493	4.7221	0.002498192
0.0117	672.2	2.5593	4.025	0.001740553
0.0145	787.38	2.6969	4.2155	0.00184155
0.011	697.1	2.4804	3.7637	0.001577966
0.0105	758.94	2.3304	3.2607	0.001383509
0.0137	669.23	2.6699	4.5086	0.002047129
0.0101	738.62	2.3181	3.2636	0.001367415
0.0147	614.18	2.6608	4.6624	0.002393435
0.0126	751.18	2.5738	3.9745	0.001677361
0.0144	790.22	2.6866	4.1656	0.001822277
0.014	788.73	2.6637	4.1004	0.001775005
0.0166	747.32	2.7654	4.7816	0.002221271
0.0164	671.48	2.6961	4.9202	0.002442366
0.0101	779.5	2.2417	2.9762	0.001295702
0.0114	777	2.4185	3.4457	0.001467181
0.0151	647.41	2.6846	4.7586	0.002332371
0.0145	715.57	2.7015	4.5564	0.002026357
0.0154	612.2	2.6503	4.7492	0.002515518
0.0152	628.11	2.6679	4.7599	0.002419958
0.0177	731.17	2.7456	4.9569	0.002420778
0.0122	668.79	2.5968	4.1678	0.00182419
0.0168	750.03	2.7693	4.7971	0.00223991
0.0156	668.23	2.7002	4.8198	0.002334526
0.0157	677.75	2.7077	4.8379	0.002316488
0.0157	674.63	2.7051	4.8382	0.002327202
0.0112	759.44	2.4199	3.5028	0.001474771
0.0173	786.87	2.8033	4.6849	0.002198584
0.0154	716.91	2.7285	4.7108	0.002148108
0.0101	691.63	2.3937	3.4943	0.001460318
0.0169	656.85	2.6658	4.9661	0.002572886
0.0115	758.5	2.4506	3.5908	0.00151615
0.0117	767.26	2.4626	3.5987	0.001524907
0.011	737.31	2.4308	3.5806	0.00149191
0.0128	630.87	2.6371	4.3358	0.002028944
0.011	637.09	2.5407	3.9057	0.001726601
0.0119	665.89	2.5768	4.0877	0.001787082
0.0123	628.14	2.6182	4.2287	0.001958162
0.0123	654.19	2.6099	4.2166	0.001880188
0.0105	777.58	2.3045	3.1431	0.001350343
0.0129	627.32	2.6429	4.3698	0.002056367
0.0125	790.95	2.5273	3.6881	0.001580378
0.0105	698.88	2.4253	3.5927	0.001502404
0.0109	611.64	2.5521	3.8811	0.001782094
0.0166	665.4	2.6857	4.939	0.00249474
0.0158	744.76	2.7512	4.6861	0.002121489
0.0147	731.67	2.7108	4.538	0.002009102
0.0174	722.49	2.74	4.9497	0.002408338
0.0101	608.5	2.4918	3.627	0.001659819
0.0124	669.23	2.6088	4.2171	0.001852876
0.0147	783.17	2.7117	4.2901	0.001876987
0.0144	690.78	2.694	4.5999	0.0020846
0.0115	789.8	2.4073	3.3686	0.001456065
0.0147	662.36	2.6918	4.7007	0.002219337
0.0129	719.12	2.6194	4.2082	0.001793859
0.018	725.81	2.7326	4.9921	0.002479988
0.0142	707.74	2.6914	4.5325	0.002006387
0.0115	727.83	2.4898	3.7693	0.001580039
0.0176	713.98	2.7263	4.983	0.002465055
0.017	611.19	2.5944	4.8902	0.002781459
0.0135	681.75	2.6636	4.455	0.001980198
0.0102	667.01	2.4401	3.6111	0.001529212
0.018	611.79	2.5354	4.9386	0.002942186
0.0169	622.44	2.6134	4.9181	0.002715121
0.0132	696.83	2.6429	4.3387	0.001894293
0.017	658.86	2.6653	4.9759	0.002580214
0.0157	658.02	2.6911	4.8363	0.002385946
0.0155	680.46	2.709	4.7958	0.002277871
0.0135	637.8	2.6602	4.4869	0.002116651
0.0154	729.33	2.7336	4.6715	0.002111527
0.0167	697.73	2.7202	4.9337	0.002393476
0.0105	667.01	2.464	3.6891	0.001574189
0.012	681.71	2.5797	4.103	0.001760279
0.0114	725.99	2.4813	3.7463	0.00157027
0.0151	675.87	2.7033	4.7482	0.002234157
0.0124	721.31	2.5778	4.0595	0.001719094
0.0176	691.66	2.6959	5.0124	0.002544603
0.0143	796.82	2.6751	4.0915	0.001794634
0.0143	671.97	2.6887	4.6258	0.002128071
0.0169	676.21	2.6913	4.9705	0.002499224
0.0113	650.99	2.5504	3.9695	0.001735818
0.0129	662.44	2.6379	4.3467	0.001947346
0.0107	622.5	2.5285	3.8192	0.001718876
0.0149	634.48	2.6752	4.7252	0.00234838
0.0171	627.45	2.615	4.9386	0.002725317
0.0176	634.01	2.6011	4.9814	0.002775981
0.0126	783.29	2.5385	3.7531	0.0016086
0.0104	605.74	2.5225	3.7371	0.001716908
0.0143	655.11	2.683	4.6394	0.00218284
0.0169	794.88	2.8015	4.5869	0.002126107
0.0154	636.66	2.674	4.7903	0.002418873
0.0164	762.82	2.7732	4.6943	0.002149917
0.0147	716.96	2.7111	4.6014	0.002050324
0.0131	634.86	2.6475	4.4006	0.002063447
0.0137	793.17	2.6373	3.9952	0.001727246
0.0116	758.15	2.4665	3.6366	0.00153004
0.0127	649.19	2.6305	4.3102	0.001956284
0.0101	742.82	2.3153	3.2502	0.001359683
0.017	676.07	2.6898	4.9754	0.002514533
0.0175	794.44	2.8123	4.6714	0.00220281
0.0153	691.27	2.715	4.7651	0.002213318
0.01	772.56	2.2489	3.0139	0.001294398
0.0106	654.5	2.4877	3.7483	0.001619557
0.013	719.34	2.6216	4.2154	0.001807212
0.0138	795.41	2.6415	3.996	0.001734954
0.0172	703.7	2.7205	4.968	0.002444223
0.0124	755.31	2.5511	3.8922	0.00164171
0.0115	777.73	2.4328	3.4818	0.001478662
0.0165	648.34	2.6656	4.9261	0.002544961
0.0165	752.68	2.7678	4.7465	0.002192167
0.0176	795.84	2.8143	4.6717	0.0022115
0.0156	725.86	2.7366	4.7133	0.002149175
0.0136	664.37	2.6664	4.4958	0.002047052
0.017	771.41	2.788	4.7304	0.002203757
0.0132	722.34	2.638	4.269	0.001827394
0.0157	614.7	2.6456	4.7924	0.002554091
0.0169	648.17	2.6553	4.9547	0.002607341
0.0112	656.43	2.5363	3.925	0.001706199
0.0117	645	2.5799	4.0779	0.001813953
0.0145	755.09	2.7028	4.4009	0.001920301
0.012	748.61	2.5202	3.8183	0.001602971
0.0133	628.8	2.6543	4.4499	0.00211514
0.0154	719.46	2.7308	4.7124	0.002140494
0.0122	697.18	2.582	4.1045	0.001749907
0.0146	695.14	2.7024	4.6377	0.002100296
0.0132	736.8	2.6294	4.1996	0.001791531
0.0141	612.75	2.6601	4.5698	0.002301102
0.018	705.96	2.7042	5.0263	0.00254972
0.0149	694.81	2.7098	4.692	0.002144471
0.01	666.65	2.42	3.546	0.001500038
0.0157	676.65	2.7068	4.8343	0.002320254
0.0143	730.11	2.6925	4.4618	0.001958609
0.0133	698.75	2.6484	4.3585	0.001903399
0.0128	630.36	2.6368	4.3339	0.002030586
0.0138	759.73	2.6613	4.2293	0.001816435
0.0111	703.19	2.4843	3.7751	0.001578521
0.0104	756.91	2.323	3.2454	0.001374007
0.0144	614.3	2.6617	4.6213	0.002344132
0.0173	611.02	2.5735	4.9116	0.002831331
0.0114	757.24	2.4419	3.5696	0.001505467
0.012	709.48	2.5557	4.0021	0.00169138
0.0119	708.44	2.5515	3.989	0.001679747
0.0158	698.26	2.7238	4.8246	0.002262767
0.0167	717.3	2.7407	4.8866	0.002328175
0.013	736.64	2.612	4.1403	0.00176477
0.0141	671.83	2.6813	4.5735	0.002098745
0.0162	778.17	2.7749	4.5811	0.002081807
0.0135	614.08	2.6543	4.4681	0.002198411
0.0161	617.52	2.6374	4.8408	0.002607203
0.0138	771.18	2.6532	4.1524	0.001789465
0.0107	655.25	2.4994	3.7905	0.001632965
0.0174	743.35	2.7632	4.8954	0.002340755
0.0123	756.11	2.539	3.8534	0.001626747
0.0107	747.42	2.3809	3.422	0.001431591
0.0103	792.66	2.2514	2.9574	0.001299422
0.0125	615.26	2.6298	4.2768	0.002031661
0.0106	699	2.4385	3.6331	0.001516452
0.0147	725.91	2.7123	4.5698	0.002025044
0.0175	686.32	2.6911	5.009	0.002549831
0.0126	651.83	2.625	4.2842	0.001933019
0.0175	671.17	2.6686	5.0127	0.002607387
0.0157	630.7	2.6641	4.8179	0.002489298
0.014	764.97	2.6708	4.2395	0.001830137
0.0126	605.07	2.6307	4.2685	0.002082404
0.0104	626.23	2.4975	3.7123	0.001660732
0.0157	782.24	2.7589	4.4776	0.002007057
0.0166	746.02	2.7646	4.7896	0.002225141
0.0111	618.57	2.5588	3.9313	0.001794461
0.0147	745.28	2.7121	4.4841	0.001972413
0.013	731.22	2.6143	4.1621	0.001777851
0.0153	721.25	2.7283	4.6835	0.002121317
0.0108	751.5	2.3873	3.4316	0.001437126
0.0117	724.18	2.5149	3.8519	0.00161562
0.0107	734.54	2.4003	3.4976	0.001456694
0.0111	788.41	2.3608	3.2522	0.001407897
0.017	643.41	2.6443	4.9582	0.002642172
0.0102	745.06	2.319	3.2567	0.001369017
0.0166	777.16	2.7859	4.6533	0.002135982
0.0172	683.26	2.695	4.9869	0.002517343
0.0154	654.12	2.6893	4.7944	0.002354308
0.0133	783.67	2.6051	3.9453	0.001697143
0.0174	709.69	2.7241	4.9768	0.002451775
0.0143	630.88	2.6711	4.623	0.002266675
0.0116	701.9	2.5322	3.93	0.001652657
0.0101	641.44	2.4625	3.6315	0.001574582
0.0125	773.19	2.5426	3.8056	0.001616679
0.0134	608.94	2.6517	4.4488	0.002200545
0.0118	681.38	2.5653	4.0498	0.00173178
0.0142	718.19	2.6905	4.4945	0.001977193
0.0138	606.48	2.6548	4.5045	0.002275425
0.0159	642.9	2.6727	4.8602	0.002473168
0.014	711.41	2.6831	4.4814	0.001967923
0.0178	737.61	2.7519	4.9482	0.002413199
0.0117	747.04	2.4902	3.7334	0.001566181
0.0153	684.4	2.7108	4.7743	0.002235535
0.0173	718.87	2.7372	4.9483	0.002406555
0.0135	651.13	2.6612	4.4798	0.002073319
